-1995649353 136,2,2;136,2,36;135,3,6;136,3,17;136,3,37;135,3,40;144,3,44;136,4,2;135,4,40;
1448767442 135,5,2;144,5,24;135,5,32;144,5,33;135,5,34;144,5,35;135,5,43;144,5,44;135,5,45;144,6,2;135,6,3;144,6,4;135,6,7;144,6,9;135,6,10;144,6,11;135,6,14;104,6,16;21,6,18;104,6,19;51,6,37;136,6,39;144,6,40;134,6,41;135,6,42;144,6,43;104,0,35;72,0,38;134,0,39;144,0,44;135,0,46;
1884344646 143,0,41;143,0,44;143,1,16;143,1,31;143,1,41;133,1,43;112,2,18;131,2,19;
832837314 137,0,41;110,1,20;99,1,21;98,1,22;109,1,23;98,1,25;109,1,26;99,1,27;111,1,29;98,1,30;113,1,34;125,1,35;113,1,38;125,1,39;113,1,42;125,1,44;113,1,46;142,2,25;98,2,27;99,2,29;111,2,30;120,2,31;137,2,37;137,2,41;137,2,44;
-1062878320 7,5,28;7,6,26;9,6,33;7,6,34;6,6,40;6,6,43;7,6,44;7,0,40;7,0,43;
-2100085574 74,0,37;91,0,38;102,1,18;49,1,19;27,1,20;111,1,34;27,1,36;91,1,38;104,1,39;102,1,43;104,2,17;70,2,19;49,2,21;91,2,31;104,2,33;49,2,37;89,2,38;104,2,41;102,2,43;
1808979734 113,6,19;61,6,20;51,6,21;104,6,22;89,6,26;70,6,27;20,0,38;
-1023060549 119,6,18;111,6,38;82,6,40;18,0,39;82,1,17;120,1,25;119,1,37;82,1,38;81,1,39;80,1,40;
-632423598 96,6,6;82,6,19;96,6,27;82,6,28;96,1,5;82,1,6;
1924388597 111,6,19;112,6,28;99,6,30;111,6,32;19,1,16;19,1,29;
-1473064109 98,6,22;46,6,23;157,6,25;111,6,27;15,6,30;142,6,32;129,6,33;98,6,36;131,1,21;122,1,34;
138822725 123,0,38;123,0,41;123,0,43;123,1,3;130,1,20;111,1,21;119,1,23;130,1,24;123,1,28;143,1,30;123,1,40;123,2,13;132,2,20;
2060125339 98,4,2;82,4,3;59,4,5;18,4,7;83,4,37;143,4,40;97,4,44;118,4,46;99,4,47;26,5,3;54,5,4;10,5,5;111,5,7;59,5,37;112,5,38;56,5,42;97,5,43;118,5,46;63,6,2;97,6,3;119,6,6;97,6,35;99,6,39;118,6,40;
1462762646 97,6,21;132,6,23;123,6,26;143,6,34;119,6,42;78,0,36;80,0,40;78,0,41;79,1,16;78,1,18;132,1,34;79,1,40;78,1,41;
2076226943 136,1,31;143,1,32;59,1,40;80,1,41;59,1,43;136,1,46;143,2,38;136,2,39;135,3,35;136,3,36;
1868219654 125,6,28;125,6,45;44,1,22;125,1,42;125,1,46;