521362 3363,0,20;3362,0,22;3136,0,23;3206,0,24;3205,0,25;3136,0,28;3268,0,29;3412,0,30;3201,0,38;2983,0,39;3130,0,46;3362,1,19;3412,1,20;3362,1,21;3411,1,29;3317,1,34;3412,1,36;3411,1,41;3412,1,42;4188,2,13;4138,2,14;638,2,15;3720,2,18;4138,2,19;4393,2,22;3411,2,25;3362,2,27;3318,2,29;3362,2,31;3412,2,32;3411,2,33;
1025609 5296,6,16;5280,6,17;5296,6,18;5280,6,20;5296,6,21;5280,6,22;5296,6,23;5278,6,24;5296,6,25;5257,6,27;5318,6,33;5296,6,34;5279,6,36;5280,6,37;5279,6,39;5267,6,41;5280,6,44;5296,6,45;5280,6,46;5296,0,2;5280,0,3;5296,0,17;5280,0,18;5296,0,19;5280,0,20;5296,0,21;5280,0,22;5212,0,23;5211,0,24;5296,0,25;5325,0,26;5318,0,34;5296,0,37;5294,0,38;5306,0,40;5277,0,43;5296,0,44;5280,0,45;5296,0,46;5280,1,18;5296,1,19;5280,1,20;5296,1,21;5280,1,22;5296,1,24;5325,1,26;5296,1,28;5280,1,32;5296,1,33;5240,1,34;5226,1,36;5211,1,37;5282,1,39;5257,1,40;5280,1,46;5296,1,47;
2137566 2463,5,23;2207,5,24;2271,5,34;2464,5,37;2463,5,43;2464,5,44;2207,6,19;2271,6,30;1773,6,34;1728,6,36;2207,6,40;2271,6,41;2207,6,42;2271,6,46;2207,0,16;527,0,17;226,0,18;169,0,19;215,0,25;226,0,26;933,0,27;906,0,30;772,0,36;1159,0,37;1314,0,38;1567,0,39;2547,0,40;2522,0,41;2336,0,42;2463,0,43;2464,0,47;
1997989 1487,5,16;1250,5,17;1364,5,22;1363,5,23;1071,5,26;1407,5,36;1364,6,20;1436,6,21;1361,6,22;1365,6,23;2555,6,25;2879,6,26;2807,6,27;2808,6,28;2944,6,32;2422,6,33;2051,6,35;2004,6,37;2112,6,38;1903,6,42;1364,6,43;1192,0,22;1191,0,23;1314,0,24;1165,0,33;1286,0,34;
1808788 2976,5,10;2918,5,12;2778,5,20;2918,5,21;2978,5,25;2918,5,28;2778,5,32;2918,5,38;2976,6,11;2918,6,19;2978,6,25;2918,6,32;2978,6,42;2918,6,43;2976,0,11;2978,0,19;2918,0,24;2976,0,25;2978,0,27;2918,0,35;2978,0,40;2918,0,43;
1923947 3565,3,14;3030,3,15;3925,3,18;3980,3,19;3925,3,40;3623,3,41;3565,4,37;3504,4,38;3922,4,39;3980,4,40;3925,4,44;3980,4,46;3925,4,47;3980,5,2;3925,5,4;3980,5,8;3925,5,11;3980,5,16;3922,5,17;3500,5,18;3565,5,19;
1083064 3600,4,15;4284,4,16;4796,4,18;4742,4,20;4796,4,21;4742,4,23;4796,4,24;4742,4,26;4796,4,27;4741,4,28;4796,4,29;4818,4,31;4796,4,32;4742,4,35;4796,4,36;4858,4,42;4548,4,43;3340,4,44;3768,4,45;3418,5,14;3601,5,15;4067,5,16;4858,5,17;4742,5,18;4796,5,19;4818,5,20;4796,5,21;4742,5,22;4796,5,24;4742,5,33;4796,5,34;4766,5,40;4858,5,41;4284,5,42;3430,5,43;1127,5,44;3768,5,45;4093,6,2;3716,6,4;3768,6,5;3418,6,15;3430,6,16;4116,6,17;4796,6,19;4742,6,21;4796,6,22;4742,6,23;4796,6,24;4765,6,25;4796,6,26;4741,6,31;4765,6,32;4796,6,33;4742,6,35;4766,6,36;5011,6,37;5028,6,38;5047,6,39;5028,6,40;5071,6,41;5087,6,42;5100,6,43;5087,6,44;5071,6,46;5011,6,47;
1050532 3735,6,22;3674,6,23;3735,6,30;2619,6,32;2749,6,36;2619,6,38;2686,6,40;2816,6,41;2619,6,43;2748,6,44;2749,0,18;2747,0,21;2814,0,24;3283,0,25;3232,0,26;3167,0,28;2749,0,30;2747,0,31;2749,0,33;2619,0,35;2749,0,39;2686,0,40;2501,1,13;2686,1,14;2951,1,15;3600,1,16;3769,1,34;3716,1,35;
1124815 3436,5,16;3342,5,17;3437,5,43;3436,5,46;3437,6,3;3436,6,29;3437,6,30;3482,6,31;3437,6,34;3436,6,41;3437,6,42;3485,6,44;3437,6,45;3251,0,23;3188,0,35;3048,0,37;3391,0,43;3437,0,44;
1505226 3000,3,16;3421,3,18;3335,3,19;2631,3,20;3150,3,27;3079,3,28;2802,3,29;2181,3,30;1869,3,31;2080,3,32;2239,3,33;3000,3,34;3212,3,35;2159,3,37;2280,3,38;2538,3,42;2536,3,43;2280,3,44;2407,4,3;2538,4,21;3151,4,24;3150,4,25;3212,4,26;3000,4,28;3148,4,29;2805,4,30;3212,4,33;3000,4,35;2665,4,36;2280,4,37;2536,4,42;2280,4,46;2538,5,16;2541,5,17;2225,5,18;2172,5,19;2356,5,20;2805,5,21;2356,5,22;2805,5,24;2875,5,25;2805,5,26;2356,5,28;2805,5,29;2356,5,32;2423,5,33;2356,5,34;2805,5,35;2875,5,36;3150,5,37;2665,5,38;2158,5,41;2211,5,46;
1173766 2285,3,25;2286,3,27;1903,3,28;2286,3,30;2285,3,34;2286,3,35;2285,4,24;1949,4,25;1903,4,26;1949,4,27;2286,4,28;1950,4,29;1798,4,30;1853,4,36;1798,4,37;1853,4,38;1798,4,39;1853,4,43;1798,4,44;1852,4,46;2051,4,47;2286,5,0;2285,5,17;2286,5,22;2413,5,23;2352,5,24;2485,5,25;2286,5,29;2107,5,30;1902,5,31;2286,5,32;
1173395 3085,2,32;2747,2,35;2749,2,36;2747,2,38;3230,2,41;2182,2,42;1196,3,14;2372,3,15;2311,3,17;2372,3,18;1572,3,22;1489,3,32;2686,3,33;2749,3,34;2686,3,35;2750,3,36;2687,3,37;2686,3,38;1442,3,43;1196,3,44;1860,4,15;2185,4,16;2311,4,17;2372,4,18;1196,4,22;1171,4,25;1104,4,26;
1603822 3048,4,14;3537,4,15;4057,4,16;4055,4,17;4057,4,18;4062,4,19;4055,4,24;4056,4,38;2974,4,39;2707,4,40;3384,5,15;4055,5,16;4057,5,25;4055,5,28;4007,5,29;4055,5,30;4056,5,36;3046,5,38;2707,5,40;2837,5,41;2707,5,42;3176,6,26;3292,6,27;3173,6,30;2974,6,32;2914,6,33;2707,6,34;
1587439 3132,4,28;4391,4,35;4454,4,37;3060,5,26;3201,5,33;550,5,39;1050,5,40;1264,5,41;1341,5,42;1264,5,47;1341,6,1;1264,6,11;1341,6,12;1264,6,18;3061,6,39;3205,6,41;3268,6,42;3131,6,43;
1532704 4369,3,20;2733,3,21;2488,3,25;2309,3,26;342,3,29;401,3,30;3558,3,35;3557,3,36;3498,3,37;3500,3,38;3503,3,39;3451,3,41;4158,3,42;4467,3,43;4369,4,14;4407,4,15;2370,4,16;2309,4,22;2371,4,23;2309,4,26;2500,4,27;2309,4,30;2371,4,31;2309,4,32;2371,4,33;2309,4,34;2371,4,35;2309,4,36;2373,4,40;2311,4,41;2372,4,42;2373,4,44;3830,4,45;4461,4,46;4435,5,1;4437,5,14;4407,5,15;3154,5,16;2309,5,17;2371,5,19;2309,5,20;2501,5,21;2309,5,22;2500,5,23;2309,5,24;2371,5,27;2500,5,29;2371,5,30;2309,5,31;2500,5,34;2309,5,35;2370,5,39;3830,5,40;4435,5,46;
656382 2569,4,16;2571,4,23;2237,4,40;2812,4,44;2625,4,45;2571,5,16;2633,5,22;2572,5,23;2571,5,24;2446,5,34;2444,5,35;2625,5,38;3034,6,17;3607,6,19;3669,6,20;3607,6,21;3541,6,22;3607,6,24;3541,6,25;3540,6,26;2625,6,27;
